IfTrue==True:
Then: mark=np.logical_and([[ 0  0  0 ...  0  0  0]
 [ 0  0  0 ...  0  0  0]
 [ 0  0  0 ...  0  0  0]
 ...
 [33 33 33 ... 43 81 81]
 [33 33 33 ... 43 81 81]
 [33 33 33 ... 43 81 81]]>0,[[ 0  0  0 ...  0  0  0]
 [ 0  0  0 ...  0  0  0]
 [ 0  0  0 ...  0  0  0]
 ...
 [33 33 33 ... 43 81 81]
 [33 33 33 ... 43 81 81]
 [33 33 33 ... 43 81 81]]<10
IfFalse==True:
Then: mark=np.logical_and([[ 0  0  0 ...  0  0  0]
 [ 0  0  0 ...  0  0  0]
 [ 0  0  0 ...  0  0  0]
 ...
 [33 33 33 ... 43 81 81]
 [33 33 33 ... 43 81 81]
 [33 33 33 ... 43 81 81]]>10,[[ 0  0  0 ...  0  0  0]
 [ 0  0  0 ...  0  0  0]
 [ 0  0  0 ...  0  0  0]
 ...
 [33 33 33 ... 43 81 81]
 [33 33 33 ... 43 81 81]
 [33 33 33 ... 43 81 81]]<121
IfTrue==True:
Then: mark=np.logical_and([[ 0  0  0 ...  0  0  0]
 [ 0  0  0 ...  0  0  0]
 [ 0  0  0 ...  0  0  0]
 ...
 [33 33 33 ... 43 81 81]
 [33 33 33 ... 43 81 81]
 [33 33 33 ... 43 81 81]]>121,[[ 0  0  0 ...  0  0  0]
 [ 0  0  0 ...  0  0  0]
 [ 0  0  0 ...  0  0  0]
 ...
 [33 33 33 ... 43 81 81]
 [33 33 33 ... 43 81 81]
 [33 33 33 ... 43 81 81]]<211